Unnamed: 0,mf0,mf1,mf2,mf3,mf4,mf5,mf6,mf7,mf8,mf9,mf10,mf11,mf12,mf13,mf14,mf15,mf16,mf17,mf18,mf19,mf20,mf21,mf22,mf23,mf24,mf25,mf26,mf27,mf28,mf29,mf30,mf31,mf32,mf33,mf34,mf35,mf36,mf37,mf38,mf39,mf40,mf41,mf42,mf43,mf44,mf45,mf46,mf47,mf48,mf49,mf50,mf51,mf52,mf53,mf54,mf55,mf56,mf57,mf58,mf59,mf60,mf61,mf62,mf63,mf64,mf65,mf66,mf67,mf68,mf69,mf70,mf71,mf72,mf73,mf74,mf75,mf76,mf77,mf78,mf79,mf80,mf81,mf82,mf83,mf84,mf85,mf86,mf87,mf88,mf89,mf90,mf91,mf92,mf93,mf94,mf95,mf96,mf97,mf98,mf99,mf100,mf101,mf102,mf103,mf104,mf105,mf106,mf107,mf108,mf109,mf110,mf111,mf112,mf113,mf114,mf115,mf116,mf117,mf118,mf119,mf120,mf121,mf122,mf123,mf124,mf125,mf126,mf127,mf128,mf129,mf130,mf131,mf132,mf133,mf134,mf135,mf136,mf137,mf138,mf139,mf140,mf141,mf142,mf143,mf144,mf145,mf146,mf147,mf148,mf149,mf150,mf151,mf152,mf153,mf154,mf155,mf156,mf157,mf158,mf159,mf160,mf161,mf162,mf163,mf164,mf165,mf166,mf167,mf168,mf169,mf170,mf171,mf172,mf173,mf174,mf175,mf176,mf177,mf178,mf179,mf180,mf181,mf182,mf183,mf184,mf185,mf186,mf187,mf188,mf189,mf190,mf191,mf192,mf193,mf194,mf195,mf196,mf197,mf198,mf199,mf200,mf201,mf202,mf203,mf204,mf205,mf206,mf207,mf208,mf209,mf210,mf211,mf212,mf213,mf214,mf215,mf216,mf217,mf218,mf219,mf220,mf221,mf222,mf223,mf224,mf225,mf226,mf227,mf228,mf229,mf230,mf231,mf232,mf233,mf234,mf235,mf236,mf237,mf238,mf239,mf240,mf241,mf242,mf243,mf244,mf245,mf246,mf247,mf248,mf249,mf250,mf251,mf252,mf253,mf254,mf255,mf256,mf257,mf258,mf259,mf260,mf261,mf262,mf263,mf264,mf265,mf266,mf267,mf268,mf269,mf270,mf271,mf272,mf273,mf274,mf275,mf276,mf277,mf278,mf279,mf280,mf281,mf282,mf283,mf284,mf285,mf286,mf287,mf288,mf289,mf290,mf291,mf292,mf293,mf294,mf295,mf296,mf297,mf298,mf299,mf300,mf301,mf302,mf303,mf304,mf305,mf306,mf307,mf308,mf309,mf310,mf311,mf312,mf313,mf314,mf315,mf316,mf317,mf318,mf319,mf320,mf321,mf322,mf323,mf324,mf325,mf326,mf327,mf328,mf329,mf330,mf331,mf332,mf333,mf334,mf335,mf336,mf337,mf338,mf339,mf340,mf341,mf342,mf343,mf344,mf345,mf346,mf347,mf348,mf349,mf350,mf351,mf352,mf353,mf354,mf355,mf356,mf357,mf358,mf359,mf360,mf361,mf362,mf363,mf364,mf365,mf366,mf367,mf368,mf369,mf370,mf371,mf372,mf373,mf374,mf375,mf376,mf377,mf378,mf379,mf380,mf381,mf382,mf383,mf384,mf385,mf386,mf387,mf388,mf389,mf390,mf391,mf392,mf393,mf394,mf395,mf396,mf397,mf398,mf399,mf400,mf401,mf402,mf403,mf404,mf405,mf406,mf407,mf408,mf409,mf410,mf411,mf412,mf413,mf414,mf415,mf416,mf417,mf418,mf419,mf420,mf421,mf422,mf423,mf424,mf425,mf426,mf427,mf428,mf429,mf430,mf431,mf432,mf433,mf434,mf435,mf436,mf437,mf438,mf439,mf440,mf441,mf442,mf443,mf444,mf445,mf446,mf447,mf448,mf449,mf450,mf451,mf452,mf453,mf454,mf455,mf456,mf457,mf458,mf459,mf460,mf461,mf462,mf463,mf464,mf465,mf466,mf467,mf468,mf469,mf470,mf471,mf472,mf473,mf474,mf475,mf476,mf477,mf478,mf479,mf480,mf481,mf482,mf483,mf484,mf485,mf486,mf487,mf488,mf489,mf490,mf491,mf492,mf493,mf494,mf495,mf496,mf497,mf498,mf499,mf500,mf501,mf502,mf503,mf504,mf505,mf506,mf507,mf508,mf509,mf510,mf511,mf512,mf513,mf514,mf515,mf516,mf517,mf518,mf519,mf520,mf521,mf522,mf523,mf524,mf525,mf526,mf527,mf528,mf529,mf530,mf531,mf532,mf533,mf534,mf535,mf536,mf537,mf538,mf539,mf540,mf541,mf542,mf543,mf544,mf545,mf546,mf547,mf548,mf549,mf550,mf551,mf552,mf553,mf554,mf555,mf556,mf557,mf558,mf559,mf560,mf561,mf562,mf563,mf564,mf565,mf566,mf567,mf568,mf569,mf570,mf571,mf572,mf573,mf574,mf575,mf576,mf577,mf578,mf579,mf580,mf581,mf582,mf583,mf584,mf585,mf586,mf587,mf588,mf589,mf590,mf591,mf592,mf593,mf594,mf595,mf596,mf597,mf598,mf599,mf600,mf601,mf602,mf603,mf604,mf605,mf606,mf607,mf608,mf609,mf610,mf611,mf612,mf613,mf614,mf615,mf616,mf617,mf618,mf619,mf620,mf621,mf622,mf623,mf624,mf625,mf626,mf627,mf628,mf629,mf630,mf631,mf632,mf633,mf634,mf635,mf636,mf637,mf638,mf639,mf640,mf641,mf642,mf643,mf644,mf645,mf646,mf647,mf648,mf649,mf650,mf651,mf652,mf653,mf654,mf655,mf656,mf657,mf658,mf659,mf660,mf661,mf662,mf663,mf664,mf665,mf666,mf667,mf668,mf669,mf670,mf671,mf672,mf673,mf674,mf675,mf676,mf677,mf678,mf679,mf680,mf681,mf682,mf683,mf684,mf685,mf686,mf687,mf688,mf689,mf690,mf691,mf692,mf693,mf694,mf695,mf696,mf697,mf698,mf699,mf700,mf701,mf702,mf703,mf704,mf705,mf706,mf707,mf708,mf709,mf710,mf711,mf712,mf713,mf714,mf715,mf716,mf717,mf718,mf719,mf720,mf721,mf722,mf723,mf724,mf725,mf726,mf727,mf728,mf729,mf730,mf731,mf732,mf733,mf734,mf735,mf736,mf737,mf738,mf739,mf740,mf741,mf742,mf743,mf744,mf745,mf746,mf747,mf748,mf749,mf750,mf751,mf752,mf753,mf754,mf755,mf756,mf757,mf758,mf759,mf760,mf761,mf762,mf763,mf764,mf765,mf766,mf767,smiles,A,B,C,mu,alpha,homo,lumo,gap,r2,zpve,u0,u298,h298,g298,cv,u0_atom,u298_atom,h298_atom,g298_atom,PCA 1,PCA 2,cluster_id
121903,0.40154546,-0.28531712,-0.08311234,0.25483656,-1.4081187,-0.47650272,0.09167528,0.6478885,-0.4505881,0.6130107,0.06865988,0.099332124,0.32631442,0.42070478,0.4312354,-0.050929017,0.31930345,-0.1428016,0.03915028,-0.3035937,-0.57478267,0.25750664,-0.00015811721,0.3413002,-0.23054513,0.40136778,0.13668181,0.18301208,-0.15206076,0.3463027,-0.85101324,0.0244953,0.23230521,0.702712,0.6492329,0.22126253,-0.48619825,-0.63820875,0.17181192,-0.9613735,1.0230608,0.39818686,-0.34101442,-0.88895506,-0.98491836,-0.2372012,-0.8398142,0.32148573,0.313572,-0.6039172,0.91985947,1.3751565,0.4494081,0.85641205,-1.0184621,-0.6442906,0.53457296,0.71618474,-0.3729998,-0.04045751,0.12119822,-0.6543456,-0.8763694,-0.47335067,0.060403652,-0.2021764,0.3409314,0.81116325,0.43302423,0.1389019,0.5876759,-0.757518,-0.33875787,-0.18886583,-1.1241283,0.24448791,0.45599923,-0.024674186,-0.56450856,-0.14559278,-0.4485753,0.17838573,-1.7257363,0.92677134,-0.44862852,-0.20228577,0.3699361,0.24946924,0.18845534,0.12399011,-0.5378579,0.8570515,-0.3642605,0.41690817,0.3986936,-0.9279606,-0.35746747,0.07308593,-1.3351748,-0.63618344,0.08645025,0.6378463,-0.6650661,0.011292992,-0.055838633,1.0216632,-0.8100761,-0.4097317,0.7822,-0.10792696,-0.55151534,0.040246494,0.6075264,-1.1107638,-1.126678,-0.10251849,0.6774401,-0.14440891,-0.16315597,-0.69093776,-0.069826506,-1.2096695,0.87501895,-0.67183286,-0.8646347,0.05761145,-0.20389834,0.7415502,-0.002866153,-0.88754386,0.03206935,0.32829207,0.4490436,-0.095829934,-0.1408228,0.28055862,0.6606391,-0.1456316,-0.08829778,0.40393743,-0.10878833,0.46647182,0.1554922,0.124340296,-0.33962697,-1.4312847,0.03385486,-0.17582174,-0.68402714,-0.90256137,-0.08614338,0.14342271,-0.37147203,-0.43288195,0.11589854,0.40243834,-0.7135276,0.0051938933,0.02905374,-0.05790111,-0.15873687,0.6442462,-0.66597927,0.19296864,-0.9869924,0.1897878,0.57457274,0.56476706,0.2655906,-0.18556674,-0.40124094,-0.1971764,-0.27662104,-1.0415014,-0.039112493,1.0505177,0.5509253,0.155603,0.56058186,0.9488246,0.19501394,0.46150753,0.13130653,0.15232421,0.36924365,0.3695806,0.44559857,0.58602685,-0.46369886,0.23723589,0.2879344,-0.30545488,-0.2880865,-0.8286932,1.2304052,-0.19124886,-0.43216988,-0.27490112,-0.4198825,0.2403197,0.67515224,0.44914186,-0.6460851,0.19663571,-0.23306386,0.45950514,0.17229572,0.054259256,-0.44994318,0.45843777,0.4186946,0.14806417,-0.71032774,-0.025252184,0.26060984,0.5019478,-0.71539605,-0.42438826,-1.3760275,-0.28190568,0.04657836,-0.07967524,0.2946877,-0.07243108,0.8152028,1.0732375,0.010627612,0.105331756,0.9635555,1.2590446,0.1646733,0.28096008,-0.41683897,-1.8143184,0.15840904,-0.557401,-0.33634079,0.530326,0.30253774,0.033011265,0.34111935,0.38907146,0.25561196,-0.37433678,-0.66964823,1.72659,0.031554863,-0.32760563,-0.204895,-0.6832899,0.4022849,-0.18615574,0.9267741,-0.91997117,-1.3351638,0.38999987,0.26317507,0.18853727,-0.36675915,-0.025700552,0.7623983,0.0146378875,-0.09832576,0.82823575,-1.3282789,0.043047898,-1.2926923,-0.13057466,-0.086454734,0.32089946,1.021192,-0.026094563,0.29784897,1.0908295,-0.6024497,-0.44400483,0.2960327,-0.3549368,0.82302016,3.670658,-0.5111272,0.53434485,0.29609182,-0.038790107,-0.08805494,0.15295026,-0.61810184,-0.12031481,-0.7418918,0.27564934,0.04705805,-0.7602103,1.2472839,0.28632623,-0.32280195,-0.061810408,-0.80504364,0.81036586,-0.65678024,-0.23819946,-0.24397439,-0.4197489,0.20214354,-0.8705846,0.071588516,0.27040878,-0.061158277,-0.106306665,0.45613274,-0.025656445,-0.044164624,-0.31226662,-0.50290114,0.7466268,0.046761,1.0456464,0.60740876,0.23657547,-1.0763143,-0.5113111,0.48770937,-0.8907859,1.4852295,-0.8363553,0.9001516,-1.1737175,-0.68850714,0.07912783,-0.3545455,-0.30434328,-0.33951658,-0.714907,0.020970352,-0.34778643,0.07666624,0.32242996,0.61925304,-0.1716143,-0.67364466,6.3970876,0.25169957,-0.016420716,0.2742131,-0.55073303,-0.4829645,-2.349387,-0.43587533,0.2659387,-1.2725677,-0.30475584,0.776693,-0.18800935,-0.9540713,0.5634955,-0.79865175,1.0670006,-1.1873373,0.19734812,-0.112637565,-1.4723688,0.43036443,0.8090731,-0.6365078,-0.08097005,-0.860259,1.3498025,-0.05518945,1.009248,-0.74272346,-0.49753374,0.19964314,-0.36464995,0.60746616,0.08053969,0.34734616,0.93935746,-0.3583754,2.012458,-0.3937705,0.82370925,0.34709722,0.986041,-1.003673,-0.028792974,-0.32800025,-0.29335392,-0.21387583,0.8683759,-0.38733548,0.1773925,0.7642837,-0.23207222,0.6456144,0.6841761,1.7791474,0.89642704,0.38934124,-1.1580635,-1.4543322,-0.9443799,0.6220531,0.510982,-0.2565035,0.03632094,0.02788232,-0.75875974,0.45790246,-1.1525747,-0.70923287,0.3347024,0.1516364,-0.14341976,-0.18678208,0.7254748,0.36666113,0.32384598,-0.9581855,0.20321961,-1.1274279,0.7626332,-0.37795314,0.09424483,-0.024212154,-0.17180689,-0.3092193,0.6952084,0.07941646,0.3548597,0.39277834,0.3239347,-0.53346443,0.7009232,0.58177847,1.5653763,-0.43135974,-0.48158064,-0.6066863,0.45145416,-0.05287022,0.4722971,0.8340637,0.2669008,-0.89760375,-0.28519285,0.04025094,-0.15685412,-0.038187426,-0.23710366,-1.1281469,-1.0245713,-2.0326238,0.4277043,-0.3257912,-1.227581,-0.3227717,0.90704024,0.19547637,0.0836624,-0.106100336,0.60630304,-0.49440825,-0.7045311,0.061520863,-0.032481622,-0.68216556,-1.2784581,0.025619762,-0.19049463,0.0330376,-0.4550626,0.28159478,-0.5791371,-0.09896205,0.56376874,0.566047,0.04281148,0.8162547,-0.92559814,-0.3953107,0.3645305,-0.044759177,-0.010712721,-0.24487026,-0.67694026,0.30809638,1.3959674,-0.48568222,-1.0427138,1.1434994,-0.6890991,-0.23459546,0.51886016,-0.75587994,1.3768532,-1.0001303,0.58796024,-0.09114334,0.5715493,0.46520904,-0.75132436,0.4632768,-0.8889716,-0.24225529,-0.06893791,-0.1294298,0.62994677,0.008600251,0.29943752,-0.7689735,-1.354084,0.75702107,-1.3313342,1.2989396,-0.93837965,-0.85532326,-0.81110245,1.0443717,-0.9294999,0.35848874,0.33608228,0.37539673,-0.25292498,0.32033333,0.0042033195,-0.36766535,-0.030782366,0.6210954,-0.32076448,0.09524728,0.21598405,-0.9762174,0.402298,-0.45663458,0.1630174,0.12613834,-0.24128903,0.29072043,1.0582732,0.0029053807,-0.5886256,3.312509,0.2577662,0.4202698,-0.51807487,0.6726213,-0.07063399,-0.7625089,-0.27840832,-0.67832565,0.57363415,0.02824887,0.60905415,-0.023845626,-0.793418,-0.08894858,0.6975929,-0.7050896,-0.2822936,-0.70472085,0.4543466,0.63815445,-0.037471645,-0.43935582,0.87838745,-0.3025606,-0.4835765,-0.28853023,-0.30016437,0.62049514,-0.18908016,-0.5771673,-0.28057405,0.05318334,-0.56511104,0.25965482,0.6860598,0.09261395,-0.72626966,-0.43928024,0.71425456,0.19886903,-0.26946416,0.27044556,-0.5712314,0.16895348,0.23970264,0.21349186,-0.51151067,-1.1487564,-0.5812832,-0.32397017,-0.13014862,0.81384194,-0.6928013,-0.019187795,-1.2888962,0.36169225,2.2451503,-0.3772955,0.43110886,-0.7149568,1.2639482,0.5335111,-0.8329545,-0.45931855,0.2112415,-0.14024334,-0.17105001,0.09146763,0.20736904,0.08317682,-0.31929585,0.59937364,-1.1910689,-0.27598017,-0.13604498,0.21660861,-0.2695465,-0.023597976,1.7202334,1.0237048,0.13240792,-0.0032465497,-1.0278863,0.061504133,-0.020377278,0.18025889,-0.2868451,0.28030625,0.050006375,-0.78488433,-0.09151592,-0.011200207,-0.7735326,-0.5843176,0.79116976,0.16770475,-0.42674884,-1.0066721,-0.50226164,0.39797348,-1.0562882,0.21516858,0.30306467,0.29362404,-0.047903653,0.122170575,0.33443508,1.7032275,0.4550687,-0.37885937,0.19121972,-0.53303415,0.31018797,0.74280876,0.58653045,0.20578402,-1.2003784,0.045514304,-0.031264465,0.9962786,0.46605855,0.81050694,-1.2393056,-0.64663714,-1.012358,0.6108358,1.1073023,-1.0052792,-1.1138504,-0.24219361,0.7302839,0.74287295,0.38700172,0.2427796,-0.22278324,0.1190467,-0.2818391,0.6392723,-0.22636911,-0.120048046,0.050098274,-0.5599684,0.4892521,-0.47826257,0.1346852,-0.63596064,-0.59648377,0.582222,1.4054585,1.0982225,1.0477549,-0.057461437,-0.53723216,0.1453108,0.62844396,0.57616466,-1.0074766,0.43905813,-0.38513368,1.0876732,-0.59315056,-0.74780196,0.7281274,-0.37247977,-0.21493934,0.5143579,-0.26675612,0.22620599,-0.84521973,0.5069288,-0.11623827,1.4341466,-0.7651318,-0.399627,0.6648814,0.19554707,-0.5111504,-0.26583564,-0.45862973,-1.1488534,0.15974441,0.15010275,0.9885795,-0.042416777,-0.14798994,0.28698662,0.4657788,0.64324915,0.623149,0.5949407,-0.40389886,-1.0536324,0.56453645,-0.46848747,1.0969833,-0.0386243,0.75806445,-0.56012523,1.163874,0.848606,0.53350955,-0.21956879,-0.80468535,0.20790964,0.3207079,0.37669596,-0.095690094,-0.018757153,0.3252112,-0.3550449,0.3614156,0.63574547,0.20879678,-0.23198694,-0.017391233,-0.09693352,-0.07386213,0.075501725,0.36905473,-1.1678996,0.54522645,-0.6340681,-0.24559186,-2.6114383,0.6936561,0.2866732,-0.4358214,CC(C)C(C)CCCO,3.29111,0.61297,0.54318,1.361,93.24,-0.2615,0.081,9.319904500000002,2135.6895,0.249516,-390.69891,-390.686667,-390.685723,-390.737764,43.969,-2419.1984246691,-2435.5117761421,-2450.9246522,-2240.8409140901,1.8381810634963873,-6.812539783818686,2
57460,-0.37089726,0.07091975,0.05448109,0.23248625,-0.8330099,-0.14348108,-0.8773084,0.68934584,-0.118758716,0.39811242,0.055480972,0.17763866,0.6198639,-0.16531037,-0.05416453,-0.056767147,0.046174895,0.096238285,0.17448632,0.17324154,0.22856066,-0.4373082,0.55050886,-0.21613139,-0.025091594,0.057198074,-0.46935028,-0.10762099,-0.52119136,0.07961145,0.32812512,0.053116087,-0.24492843,0.27587992,0.6163739,0.1421448,-0.30241126,-0.521098,-0.62881446,-0.80476546,0.58443177,0.8166949,0.13339864,-0.74263364,-0.38972422,-0.5531058,-0.44707644,0.51867783,0.59094286,-0.050085954,0.6231714,1.0732225,0.23754032,0.69830656,-0.8768301,-0.3320217,-0.4648875,0.54527855,0.030355804,0.12759812,0.41661322,-0.6947242,-0.34846193,-0.5559277,0.004614264,-0.46769795,0.50494975,0.21644962,0.49215004,0.35851195,0.2745015,-0.1506761,0.13453288,-0.23744877,-0.389822,-0.02585627,0.3486376,-0.29690665,0.21385667,-0.4099815,-0.3651438,-0.114864536,-0.66435945,0.8645387,-0.070040554,-0.4209167,0.47176415,-0.04440682,0.38082686,-0.6813301,-0.1635469,0.22927994,-0.21978527,0.19494182,0.44623533,-0.8574069,0.2439447,0.24487922,-0.6800618,-0.6257314,-0.36221123,0.8471476,-0.52853787,0.074573785,-0.14017434,0.29069895,-0.29902378,0.23419939,0.37034956,-0.7528767,-0.15393108,-0.34330118,0.14832109,-0.8963411,-0.36609995,0.61555266,0.21140808,-0.33269098,-0.65120393,-0.36777496,0.002299024,-1.0664498,0.8510143,-0.6821855,-1.2251283,-0.17025259,-0.72842526,0.2964585,-0.98778504,0.43644306,0.86673784,0.32396352,0.095041476,0.073253155,-0.008990592,0.86482424,0.22190021,0.26047376,0.29574162,0.15169477,-0.3452251,-0.06898653,-0.29264686,-0.282501,-0.15689111,-0.84376717,-0.034245588,-0.2630663,0.04243339,-1.027758,-0.47381195,0.62988174,0.14086074,-0.5429414,-0.5445719,0.6586433,-0.25265437,0.11127804,0.10046534,-0.14594276,-0.87809825,0.51765436,-0.78359455,-0.45837435,-0.72605544,0.025157511,0.18300283,0.5598019,0.41865572,-0.7822922,-0.28377402,0.12650737,0.024640013,-0.5117077,0.78349376,0.7296065,-0.109616846,0.050144315,0.5041169,0.42925176,0.8166414,0.84722924,0.30630627,0.44176662,0.59686184,0.6418388,0.59799004,-0.20709667,-0.8636678,0.041713335,-0.27095577,-0.19984458,-0.37418687,-0.22732803,1.2127196,-0.17111708,-0.1960432,-0.11883942,-0.658988,0.09766681,0.197035,-0.044727538,-0.77577513,0.16409492,-0.32108614,0.052238926,0.0044871503,-0.21397394,0.2041286,0.6948831,0.078955956,0.092585,-0.019520104,-0.24439134,-0.23911367,0.14021736,-0.19464295,0.1972033,-0.6768296,0.26822582,-0.18350506,-0.21399945,0.07931988,0.025133312,0.37907866,1.4236976,0.013049656,0.45680463,0.2545508,0.9385054,0.90418696,0.16265576,-0.13838774,-1.3307054,0.22711079,-0.7629299,-0.23315533,0.50411344,1.2354839,-0.4961809,-0.15023136,0.08451549,-0.04393976,0.29581875,-0.19135547,0.19238104,0.4675468,-0.8286722,-0.18628567,-0.7966029,-0.67785203,-0.3219014,0.81473094,0.30133083,0.09786124,0.05330309,-0.5478411,0.025331773,-0.068803996,-0.052084215,1.3834782,-0.28617102,0.027371487,0.8996279,-0.71697503,0.073288284,0.13702433,0.024850978,-0.2676845,0.12191323,0.67848593,-0.1437741,0.68457896,0.7616543,-0.29210532,-0.4931441,0.63771665,0.25356114,-0.3735395,4.188978,-0.13808563,0.13678032,0.28726354,0.22907066,-0.28658012,0.36059374,-0.34881487,0.15905151,-1.0869607,-0.40270048,0.13395315,-1.6309651,0.26345193,0.16364744,-0.6472188,-0.16059452,-0.45328537,-0.7588216,-0.5792649,-0.97202516,-0.4859537,-0.058463853,0.33239868,-0.5040033,-0.2907408,0.049293384,-0.020471565,0.6068484,-0.19159973,-0.22679299,0.018342648,0.029002242,-0.12883428,0.8235671,0.055711467,0.5196195,0.48210302,-0.34558347,-0.73815864,-1.2705469,-0.406972,-0.07730476,0.8353543,-0.6397731,0.53977275,-0.6971157,-0.12042189,-0.57032657,-0.10966594,-0.7052266,0.47213513,-0.14981155,0.14696524,-0.13084646,-0.12386743,0.15296769,0.38359916,0.24393484,-0.2819632,7.5113,0.5170642,-0.05636614,0.079787046,-0.11162654,-0.017782565,-1.5544114,0.020326711,-0.1523802,-0.8061986,-0.87892604,0.02357273,-0.20682901,-1.1292598,-0.38514838,-0.36650312,1.070558,-0.33748734,0.18612607,0.2260291,-1.1023613,0.3121568,-0.5311129,-1.4173743,0.15515345,-0.55317044,0.14893433,0.49530283,0.9490777,-1.4338288,-0.9093252,0.27306604,0.24796626,0.17271137,-0.78038645,0.15289146,0.33946598,-0.31609184,0.81759053,-0.58007914,0.7741706,0.27548793,0.332028,-0.88851124,0.3083704,-0.23496835,0.45859227,0.079719886,0.29150766,0.32058278,0.42495626,0.92785126,0.30729622,-0.48763594,0.007829481,0.27837002,0.87268704,0.16717559,-0.7127382,-1.1311635,-0.6166979,0.44504654,0.13803291,-0.22377811,-0.24336846,0.13033968,0.20786554,0.093610995,-0.5660197,-0.4145273,-0.066204146,-0.018491928,-0.34286863,-0.11989178,0.7770314,-0.27859288,0.25804806,-0.1488014,-0.9931045,-0.7787865,0.43667024,0.39365876,0.42475134,-0.07051179,-0.21277614,-0.33553416,-0.33631814,1.229521,0.32756096,0.1987372,0.465274,0.046551913,0.5024664,-0.13626808,0.79690325,0.6896026,-0.6505895,-0.4105203,0.2426812,0.25074768,0.41410947,0.23642413,-0.10518087,-0.34467378,-0.19560266,0.6967376,0.5519709,-0.4688703,-0.27785644,-0.95482993,-0.2960273,-1.8008876,0.10904023,0.23202236,-0.85235333,0.39529198,0.82298183,0.77311254,0.1811773,-0.15058988,0.6357975,-0.6082308,0.10195839,0.06578415,0.0735561,0.116475396,-0.87304145,0.48445755,0.7720116,0.6114577,-0.7548791,0.73057574,-0.28525147,-0.5687487,-0.5521361,0.40949047,0.49584994,0.26409543,-1.3423848,-0.12391394,-0.112769976,0.5286691,-0.24998032,0.10582491,0.07279064,-0.213648,0.33942568,-0.082057826,-0.9644292,0.69167244,-0.066660166,0.2832675,0.56601304,-0.4759157,0.0088521475,-0.56879944,0.55709016,-0.2936977,0.24394655,-0.4440512,-0.19535473,-0.33371857,-0.07255108,-0.5065215,-0.044732857,-0.23068932,0.06820556,-0.10588939,-0.87939024,-0.0666748,0.258579,-0.012296074,-0.6172413,0.51146716,-0.58994645,-0.11019537,-0.72209316,0.6043662,-0.034978796,-0.096506216,0.29650852,0.5357036,0.07011582,-0.1076278,-0.08251059,-0.21380028,0.023420997,-0.60343224,-1.1090333,0.40875426,0.24438702,-0.6823541,-0.34874195,-0.3995033,-0.35477063,0.7203477,-0.074946195,0.25393623,0.16950063,0.14638075,0.10531479,3.8408678,-0.3271829,0.77837497,-0.54060054,-0.1841598,-0.63785815,-0.8073197,-0.8574558,0.07635745,1.0359445,-0.15149418,1.5058398,0.52491766,0.25375974,0.1470907,1.1064997,-0.17948057,0.3959698,-0.19615225,-0.045817494,-0.11618993,-0.061845437,-0.086409226,0.2548223,0.053319596,-0.38489157,0.6106896,-0.09349058,0.89322674,-0.21272445,-0.07793208,0.004139142,0.33476022,0.21510959,0.3241865,0.55321175,-0.49661213,-0.7611426,0.22993681,0.6230981,-0.542666,0.5033519,0.82149714,0.057734806,-0.61263496,-0.32628208,-0.2119501,-0.18651451,-0.015616662,-0.025621131,0.17585868,-0.024818785,-0.09426541,-0.1915023,0.05031356,-0.21325165,0.27065864,1.6179824,-0.37675396,0.3897631,-0.8158351,0.9382861,-0.11537046,-0.75804085,-0.2655064,-0.018325256,0.23057699,0.3274899,-0.39013705,0.41075704,0.2728692,-0.253295,0.5067761,-0.53079313,-0.47261354,0.33780792,-0.16252029,-0.11096528,-0.42757347,0.71728283,0.9255833,-0.042533703,0.33885002,-0.5555988,-0.07493517,-0.11713992,-0.3535287,0.08186853,0.33608264,0.4924653,0.18902628,0.24068744,0.23977222,-0.655679,-0.67632854,0.6423309,-0.8736659,-0.3016848,-0.5121352,0.10027033,-0.39672184,-1.1341149,-0.03664805,-0.2132086,0.5684702,0.06800094,-0.31229088,-0.3120566,0.45713106,0.3356611,-0.21934845,0.037976567,-0.39539966,0.40965563,0.8027134,0.010809922,-0.50387573,-0.89387584,0.0717645,0.37072787,0.29440907,-0.34643805,0.23328812,-0.2832297,-0.57976747,-0.39868376,0.5152539,0.7895867,-1.019039,-0.3919656,-0.4130161,-0.12973863,0.46975613,0.2318466,0.42245993,0.122313105,0.13110161,0.12856252,0.5070716,-0.048684772,-0.23821113,-0.43254825,0.4200293,0.6035144,0.17513424,0.39449108,-0.56977725,-0.14080836,0.2341298,1.0889931,0.6174987,0.7632253,0.2161237,-0.8078867,0.07422615,0.5576032,-0.19922785,-0.77146274,0.55375683,-0.3164972,0.5503006,0.113946885,-0.50057834,0.99060607,-0.5768325,-0.6302894,0.2631801,-0.54657453,0.36788473,-0.83362305,-0.078310944,-0.1969757,0.68193007,0.096750155,-0.9648179,0.27119768,0.38951328,0.3951939,0.40203157,0.2287843,0.080080606,0.41936326,-0.47052914,0.28885198,-0.6888809,0.26436865,1.0789075,0.3769156,0.37184203,0.15492667,-0.3044233,-0.40456274,-1.2029953,-0.0014394654,0.15260285,0.67327225,-0.5220539,-0.33647126,-0.5159638,0.8300299,0.3498416,-0.73459315,0.13272251,-0.8614402,0.03042855,0.25057915,-0.13724329,-0.42423168,0.4693586,0.020075891,0.23451646,0.087297685,0.7581512,0.36947298,-0.26056144,-0.011543534,-0.0032429812,-0.1783158,-0.33678278,0.24576849,-0.5041752,0.5784697,-0.13108054,-0.2500315,-2.8343506,0.28263962,0.114077955,-0.4042344,CC(C)(C)C1CN=CO1,2.87339,1.26925,1.12788,1.8464,81.19,-0.2449,0.026,7.371568259999999,1204.5506,0.193698,-404.376565,-404.36703,-404.366086,-404.410643,36.159,-2069.0051045481,-2082.5743591641,-2095.022255197,-1920.7699084961,-1.4143736542731433,-3.185765036331788,2
116193,0.38777414,0.038230546,0.07604997,0.1696741,-1.3101364,0.19577742,-0.03875982,0.4161576,0.81235874,0.15344404,-0.34259063,-0.48414662,-0.2028824,0.22520098,-0.6942664,0.22669083,-0.13044776,0.25244486,-0.0073306533,0.14614685,0.17391072,-0.49298137,0.45730433,-0.22351646,-0.48007494,0.41224986,-0.6625954,-0.22816557,-0.6571363,-0.20598255,0.004110686,-0.16043104,-0.50089467,-0.12401571,1.1386279,0.43447196,-0.3161768,-0.17261805,-0.2914278,-0.49348736,0.42408386,0.7536942,0.5058948,-0.5715262,-0.046296224,0.087622784,-1.0970055,-0.036156137,0.7488943,0.0065861046,0.69167,0.8621349,-0.014714799,1.2701986,-0.7334901,-0.71483815,-0.34393114,0.8740986,-0.3521472,-0.118845895,0.69016874,-0.86603266,-0.7375405,-0.5989535,-0.05532096,0.1752322,0.10649555,0.47787088,0.079779975,0.1536429,0.1296755,-0.07774625,-0.79374564,-0.5687057,-0.7660168,-0.16817765,0.07375264,-0.56473243,0.29508594,-0.6308528,-0.8352691,0.42283076,-1.112595,1.0670136,-0.90885663,-0.5647252,0.23492031,0.27953988,0.26888576,0.010490608,-0.39834133,-0.00846953,-0.4870728,0.5282002,-0.021373598,-1.404415,0.07258748,0.72611487,-1.0812422,-0.98142165,-0.16016413,0.57147634,0.24901502,-0.7729202,0.6564977,0.41820002,-0.5474142,0.09750659,-0.03481298,0.34381953,0.40360212,-0.6102425,0.6454464,-0.7052141,-0.59870064,0.8540974,0.59267443,0.091894485,-0.6925086,-1.0883554,-0.103035085,-1.2607013,0.12425776,-0.3235415,-0.28803763,-0.17856391,-0.65380025,-0.4292878,-1.2514136,0.13507754,0.2169282,-0.21518908,-0.39395922,0.41487122,0.38742384,-0.16216631,0.7941803,0.9441554,0.03809274,-0.0825746,0.16656615,-0.13212912,0.6388559,-0.5791835,-0.64282924,-1.904971,-0.6036497,-0.11616928,0.22387561,-0.38783708,-0.16538982,0.22669704,-0.02892227,-0.20934902,-0.74787015,-0.15713552,-0.50425124,0.51429284,0.095478915,-0.65304756,-0.43224743,1.03178,-0.65502113,-0.90975326,-0.51624197,-0.013624728,0.3069111,0.23837763,-0.12772475,0.0731884,-0.53601354,0.49232176,0.63898253,-0.6218317,0.7774197,0.555407,0.37038776,0.064425394,0.2669,0.21507779,0.2220172,0.17094111,0.32271004,0.23029815,0.19959147,0.6052834,-0.018354814,-0.37505868,-1.1119691,0.012007153,-0.7538128,-0.5910865,-0.074409075,-0.18218333,1.1293168,-0.28549448,-0.7265774,-0.7168797,-0.42903742,-0.1520912,0.42671025,0.001149869,-0.16119334,-0.5950355,-0.83671963,0.38564953,0.3407799,-0.17668219,-0.510912,0.5544494,-0.11315445,-0.40496227,-0.08944939,-0.9816915,0.48167524,0.5209223,-0.61315435,-0.36570483,-0.031225272,0.181932,-0.22389309,-0.008017582,0.39274064,0.50061995,1.0389614,1.6612114,-0.2889439,0.30941188,0.3145671,0.45222628,-0.2885377,-0.5450491,0.32716683,-1.1732806,0.3149812,-1.1390183,-0.04528885,0.4844933,0.8055874,-0.13981244,-0.39373973,0.17760815,0.19602463,0.14909707,0.15036462,0.22534434,0.4673489,-0.2507697,-0.060693778,-0.1819947,-0.68350756,-1.1440866,1.1065409,-0.09606857,0.1000817,-0.19955087,0.08048203,-0.14953168,-0.5482506,-0.33069342,1.0086936,-0.82966715,-0.44378647,0.6627501,-1.0320717,0.20993651,0.0014405847,-0.6215153,-0.10139295,-0.0066530067,0.23141043,-0.494321,1.18626,1.48432,-0.9949071,-0.5038279,0.06653108,-0.24975339,-0.56031775,3.9025373,0.3360841,0.479389,-0.0017735799,-0.16423662,-0.03669618,0.23035759,-0.0067539443,0.118865415,-0.5877331,-0.16965646,-0.09391214,-0.7692769,0.66981083,-0.07472063,-0.17584518,-0.35070354,0.054598857,0.50331795,-0.6799106,-0.83417034,-0.24130674,-0.3783704,0.0177917,-0.18866476,0.36666593,0.146871,-0.21123298,0.7324867,-0.58432746,-0.4416793,0.11874269,-0.4511897,0.2539191,0.9095708,-0.25361195,0.088430695,0.48114875,-0.13332239,-0.44663823,-0.765137,-0.5989603,0.042193588,0.9166315,0.24523035,0.97063506,-0.2080059,-0.493318,-0.6743144,0.04988776,-0.39867017,-0.025354516,-0.31099585,-0.28826067,-0.1736614,-0.25538042,0.6657757,0.8741766,0.8894722,-0.24706322,7.2976146,0.2502323,-0.0112675745,1.095449,-0.36045945,0.25439316,-2.8166707,-0.13957745,-0.07021088,-0.53462684,-0.4151664,0.04899054,-0.71483195,-0.7250399,-0.07575574,-0.41621524,0.7663452,-0.3927882,0.33274204,-0.2624098,-0.7831413,0.88057786,0.28738573,-0.52689517,0.55120957,-0.1093432,1.3517697,-0.026570758,0.94547117,-0.38437405,-0.4205019,-0.39237887,0.22646026,0.10957994,-1.0697113,-0.24760137,0.30671263,0.44739735,1.6677201,-0.3946176,0.30462545,0.1383594,0.99283195,-0.056743324,-0.090574265,-0.22845536,0.16159998,0.48674133,0.38369495,-0.30147555,0.34878793,0.9852009,-0.60234326,-0.10394987,0.59764886,0.76086414,0.25704727,-0.22563194,-1.0254017,-0.6929554,-0.7754066,0.85851455,0.26693216,0.22566094,0.21309,-0.13784237,-0.95919365,0.2339015,-1.6006505,0.018132836,-0.1310816,0.16202872,0.24565512,0.034081582,0.49294713,-0.114721894,1.6805891,-0.4712558,-0.14620988,-0.06487719,1.0446986,0.20481192,0.83200765,0.32541057,0.520565,-0.11279699,0.26091805,0.51158303,-0.053350225,0.22055404,1.2449222,-0.25836003,0.51084346,-0.56295836,0.5213392,0.023881277,-0.7629151,-0.11479428,0.5545443,0.08507215,0.25196284,0.40710765,-0.14388405,-0.7930193,-0.96721375,0.21471705,0.91464746,-1.0828967,0.07608072,-0.43910497,-0.7338749,-1.5840266,0.53519124,0.2592498,-0.9933557,0.54778713,0.9414262,0.7485407,0.18726954,-0.3414507,0.31110898,0.12889309,-0.28515157,-0.8506946,-0.27652723,-0.33046785,-1.0675377,-0.16478498,0.43409646,0.7421032,-0.8273423,0.42777947,0.30759558,-0.4081326,0.2795798,0.08281489,0.81290555,-0.084593914,-0.9817532,-0.5012912,-0.108325765,-0.16515985,-0.45513594,0.99622154,0.29466566,-0.588457,0.2711553,-0.00839181,-1.512394,0.6408848,-0.29965994,0.1286803,0.30195624,-0.6158685,0.5019055,0.41336,0.7014286,-0.08099277,-0.08592954,1.0617107,-0.42499405,-0.13452789,0.25561115,-0.23413572,-0.52162033,0.0073450087,0.58571774,0.14451545,-0.1608147,0.1788567,-0.27470645,0.7131674,-1.2295127,0.99465615,-0.7116438,-0.1650751,-0.10549406,1.205631,-0.0026658415,0.097453676,0.19867833,-0.09357797,0.73438096,0.1647812,-0.14217465,-0.43320957,0.21740317,0.3181898,-0.45077762,0.41873512,-0.10039307,-0.26491946,0.26467317,-1.0328056,-0.3276661,0.51687545,0.30198005,0.11580069,0.6726777,-0.20975982,-0.049389478,2.9082804,-0.2286568,0.48723802,-0.35830796,-0.37563774,0.0026744406,-1.0032426,-0.78898615,-0.13731709,0.80571616,-0.5614184,1.510241,0.7014618,-0.21185204,0.013868006,0.93872714,0.43569547,0.3822876,0.37011778,0.7286024,0.36017147,-0.52841955,-0.54905355,0.6927855,-0.14732434,-0.4247901,0.22591643,0.11155395,0.9630035,-0.58551574,-0.47416666,-0.27727777,0.22413391,-0.0870425,0.119636655,0.5260517,-0.13895594,-0.38277754,-0.091099724,0.22859302,-0.17726824,0.37922364,1.3553902,0.23889089,-0.03456731,-0.07911396,0.7594701,-0.13183711,-0.68912417,-0.45501792,-0.024321608,0.9082958,-0.45707566,-0.494804,-0.034377202,-0.38173372,0.44479978,1.926899,0.13619538,0.18614762,-0.27065048,0.6399841,0.72481,0.283804,-0.047798596,0.39433467,-0.04319862,0.41593316,-0.66636294,-0.30520213,-0.15535769,-0.43991897,-0.123472705,-1.1113905,0.066380024,0.67366844,-0.28313047,-0.27753496,0.21937194,0.9634082,0.7345489,0.4682377,-0.026829097,-0.5881287,-0.53067607,0.20705478,0.26708284,-0.3091525,0.12889655,-0.00089127023,0.030379908,-0.010020635,0.2703411,0.08793831,-0.228272,0.87469536,-0.28712967,0.08045649,0.14964333,-0.3448816,0.23049301,-1.0738455,0.40666172,-0.11962219,0.16833188,-0.17264979,0.023624327,-0.7389525,0.68726075,0.0119329775,-0.090787396,0.31136417,-0.5216801,0.26086003,0.43120795,0.3710725,0.19586807,-0.72640836,-0.5695533,-0.9159571,0.17862463,-0.99232453,-0.22254899,0.20551366,-0.627413,-1.1871697,0.8484693,0.5120307,-1.1009946,-0.36748073,0.060525037,0.260008,0.54590863,-0.23713869,0.58446956,-0.17348328,-0.00041547616,-0.8560918,0.5130638,0.40257347,0.38838044,-0.09039757,-0.21997839,0.05569228,-0.23352036,0.48656082,-0.43533617,-0.1785154,0.55761373,0.39563528,0.31341296,1.1930333,-0.23492213,0.04126998,0.39530584,0.2906128,0.07190161,-0.20803683,0.17496118,-0.46112812,1.0316103,0.18656158,-0.9793824,0.55248517,-0.99968475,-0.4334432,-0.23089176,-0.44499663,-0.15367946,-0.63783014,0.4020286,-0.6912898,0.7359769,0.28246275,-0.62723714,1.0693855,-0.064509496,0.3653298,0.5259052,0.09092408,-0.52176505,0.35328558,0.8753283,0.27515525,-0.9644394,-0.5355891,0.56168437,0.057485793,0.35746524,0.055335227,-0.60959107,-0.52603424,-1.2132907,-0.38406295,0.015308925,-0.105919205,-0.37215945,0.33415094,-0.95013326,0.95842415,0.86605674,-0.38945878,-0.14909437,-0.21162222,0.5332568,0.18831682,0.15871382,-0.7000685,-0.2556414,0.56223935,-0.35475063,0.5738862,0.3460771,0.27793536,0.3285642,-0.47344425,-0.21198617,0.16074432,-0.4463452,-0.28517646,0.030541362,0.2257529,-0.08697234,-0.15335967,-3.0868704,0.8366974,-0.5818711,-0.37588575,CCC1OCCC1(C)O,2.16694,1.37597,1.062,1.9643,81.37,-0.2449,0.0712,8.60152354,1279.5601,0.204659,-425.441762,-425.431632,-425.430688,-425.476984,37.969,-2121.8451274021,-2135.929566907,-2148.970458945,-1967.694404007,0.2683834620835703,-4.357880977054177,2
112926,0.7448075,0.13625222,0.2686221,0.090680435,-1.0815518,0.22695854,-0.85457546,1.1150782,-0.08174952,0.95480365,0.039895274,0.35979956,-0.1050223,0.42798907,0.43616045,0.11359326,-0.021654475,-0.28749263,0.38504356,0.13123155,0.3211359,0.17155641,0.7209585,0.1954101,0.26771238,0.07101026,-1.0554914,0.19029199,-0.07379689,-0.46167704,-0.6895707,0.45426252,0.7285646,0.7307892,0.97161597,-0.40054536,0.23976235,-0.17831862,-0.27992868,-1.2052627,0.7765559,0.16614312,-0.6386946,-0.21471313,-0.21723442,-0.5964092,-0.29173362,0.6193994,0.96676284,-0.0050955825,0.2974387,1.0145036,0.59203494,1.0457551,-0.011592546,-0.059356824,-1.0780325,0.94775665,0.1323196,-0.16615403,0.45666704,-0.7568382,-0.4045211,-0.7344202,-0.686465,-0.38428026,0.0566594,0.56064576,-0.16438842,-0.27322832,-0.04607708,-1.0000162,-0.075578086,-0.78316194,-0.19112597,0.23744178,0.030714557,-0.037056625,-0.46745914,-0.67268306,-0.5499816,-0.29638362,-0.9385314,0.85319597,0.21693133,-0.2105541,0.7137921,0.024701796,-0.6167542,-0.52206117,0.6370948,0.59735936,-0.07148519,0.9999238,0.08886045,-0.43644893,0.5354608,0.427001,-0.54312676,-0.3393423,-0.25170353,0.6669735,0.4395737,-0.6095059,0.32714814,0.3093236,-0.13421255,0.36674783,0.85324526,-0.13353486,0.57731235,-0.01641731,0.13589235,-0.8676328,-0.27112138,1.1656415,0.33194423,-0.1361142,-1.0478487,-0.62606543,0.31595364,-1.1665027,0.09780763,0.013322957,-1.4131656,-0.33129025,-0.22193213,0.55874634,-0.5607026,-0.003061384,0.46001303,-0.6397779,-0.2442295,-0.4883861,0.15750127,-0.5621598,0.21195778,0.26007682,0.11911929,0.10581723,-0.10784687,-0.22453639,-0.02231786,0.32550398,-0.33000344,-0.90972257,-0.022895727,0.06566998,-0.19915374,-0.5365209,-0.34329844,1.0252144,0.026496064,-0.45052782,-0.04379927,0.8866511,-0.43998855,0.28754434,-0.02856643,-0.3409368,-0.42255557,0.6041486,-0.73344594,-0.36862785,-0.9010806,-0.11855213,0.28330594,1.3358481,0.07070322,-0.41881478,-0.78530157,-0.051947825,-0.110971525,0.08363103,0.4800766,0.7865616,0.62153614,-0.6762589,-0.20959389,0.5422221,0.7861552,0.6280351,0.097879834,0.83470905,0.108537525,0.6448045,0.625441,-0.3214398,-0.99370176,0.3540942,-0.25881153,-0.47371536,0.14782764,-0.3418656,1.382365,0.10009924,-0.16074279,-0.33057058,-0.270298,0.16175824,0.5998937,-0.29512984,-0.19271459,0.04865277,-0.3492582,0.17005862,0.13690808,0.21833496,-0.51185787,0.9199064,0.64500004,-0.33173728,-0.3343451,-0.5821357,0.5911982,-0.18473713,-0.395073,-0.48517305,-0.34003305,0.21618767,0.047336318,-0.39383587,0.9338587,0.46576893,0.26997757,0.9955463,-0.6060995,-0.0401753,-0.49465084,1.0544318,0.44724333,0.27206063,-0.38784012,-1.0376568,0.52373743,-0.8311018,0.072002426,1.2879692,0.8770318,-0.047693286,0.38076872,-0.46341705,0.100951865,0.35464734,-0.21813637,0.42994526,0.15862659,-0.07837781,-0.2123763,-0.6374465,-0.6236712,-0.2885609,0.38198936,0.3779324,-0.5514045,0.45962542,0.22442922,0.45783308,-0.29556906,0.12137045,1.0928923,-0.54716736,-0.050534956,0.91729003,-1.1303637,0.2856713,0.028841244,-0.8092447,-0.12922856,-0.0082574,0.36455965,0.021741882,0.34173125,-0.0074041877,-0.19800931,0.23488256,0.24939969,0.21638653,-0.11384709,4.6159306,-0.49836105,-0.1557012,-0.3311055,0.21370763,0.1960901,1.0880654,-0.43544984,0.12991208,-1.1469668,0.49389744,0.4132098,-1.1284627,0.38881737,0.08834343,-0.55368125,-0.65738547,-0.02363278,-0.25882638,-0.76639307,-1.1206112,0.44482386,0.52332604,-0.17002141,-0.3525006,-0.68313545,0.30107474,-0.4625362,0.3290465,-0.21734591,0.10269127,0.5682883,-0.3531794,-0.38938275,0.56283367,-0.40642098,-0.29289925,0.2669662,0.13366021,-0.730456,-0.29122362,0.5851017,-1.0040715,0.60586447,-0.8929781,0.2661701,-0.6984936,-0.50595206,-0.53370297,-0.56027216,-0.58127487,0.11505216,-0.26531082,-0.12349893,0.70469046,-0.16413034,0.27671427,0.38307694,0.009727305,-0.41355687,8.693765,-0.31292683,0.19305913,0.14298305,-0.49857166,-0.1423358,-2.5063007,-0.41672832,-0.41728926,-1.0780604,0.023503669,0.109963804,-0.45540148,-1.1387322,-0.0700407,-0.259547,0.83447623,0.0017079394,0.065560415,0.14790027,-1.2882586,0.34138307,0.121510714,-0.78670555,-0.051342648,-0.43612885,1.063064,-0.15815753,0.8562403,-0.7759729,-0.33888224,-0.43949813,0.5205615,-1.1609075,-1.4784086,0.57752717,0.06587229,0.056876827,1.576298,-0.7663456,0.40000778,0.27428544,0.19181547,-0.27480882,0.26791218,0.25623554,0.51084495,-0.13612273,0.22762765,0.57668537,0.90690476,0.11943144,-0.22541887,-0.5316657,0.03215417,0.40926486,0.7464168,0.07959109,-0.41164783,-1.6270015,-0.686728,0.41455466,-0.07774752,0.1727018,0.035370383,-0.06465851,-0.025932325,0.12896298,-0.5485954,-0.538483,-0.15690228,-0.07156215,-0.22384873,-0.16362804,0.47755903,-0.16265059,0.70600134,-0.8519997,0.022066005,-0.12797336,0.110587254,-0.13862507,0.9875065,-0.44376647,-0.052144296,-1.0485481,0.061370846,0.6828202,0.14821695,-0.09166014,0.17733335,-0.529527,0.55794346,-0.08935498,0.7248447,1.2693449,-0.115091056,0.1549953,0.18384093,-0.41403377,0.29687002,0.27593672,0.0044016205,-0.19373477,-0.63223064,-0.3899931,0.15293843,0.015657753,-0.39715415,-0.18190256,-0.22730939,-1.7446694,-0.34082282,0.35441875,-0.7597215,0.1972613,0.61845887,0.5158098,0.085579336,-0.17014515,0.6239532,0.04318385,-0.07274705,0.7928008,-0.7875881,-0.19583218,-0.369245,0.57102954,-0.34233105,0.38421047,-0.5800582,0.865128,-0.21194303,-0.4483335,0.038813006,-0.34693307,0.65545917,0.6724399,-0.5013727,-0.33494803,-0.36090505,0.7926008,-0.37412077,-0.33024967,-0.27756786,-0.24869463,0.6931106,-0.028682351,-0.8557068,0.20812552,-0.3024843,-0.25623167,0.66318434,-0.70846254,0.043017082,-0.008367507,0.40446192,0.2718483,0.19639699,-0.5977791,-0.6544254,-0.27277094,0.27377748,-0.94692516,-0.20933971,-0.13921729,-0.28758138,0.046554998,0.04238163,-0.06487112,-0.3597293,-0.5242575,-0.5647706,0.5447641,-1.1153516,-0.12620337,-0.76362586,0.09511252,-0.14675492,0.14882207,0.4252017,0.5179174,-0.16747457,-0.09733085,-0.34606275,-0.33376974,-0.20524739,0.4389026,-1.0834862,0.28599754,0.70556134,-0.65397406,0.4845612,0.40798876,0.64094996,0.13940278,0.17210369,0.3376078,0.91339386,-0.076148815,-0.20242512,3.2426856,0.18744457,0.30452642,-0.3930107,0.36907268,-0.30891806,-0.34360927,-0.45331717,0.005328063,0.91812193,-0.39584774,1.3371245,0.2974257,-0.23982473,0.33446535,0.85986394,-0.10892393,0.18172929,-0.23142534,-0.12554568,-0.37693685,-0.40164018,0.44071016,0.45086735,0.032996647,-0.3716889,0.229314,-0.07984382,0.73729306,-0.1256278,0.7217287,-0.41967538,0.013913464,0.21117853,0.039484687,0.42361274,-0.14762427,-0.82662785,0.12288514,0.49633577,-0.44149172,0.5320593,1.4051771,0.17718197,-0.6945015,-0.42017215,-0.25897163,-0.04180176,-0.56366104,0.10035529,0.627317,-0.3957786,0.24622567,-0.46547636,-0.73747474,-0.6971297,0.7570357,1.0343317,-0.31094182,0.47694087,-0.4621107,0.87399924,0.19764034,-0.7582729,0.30030513,-0.5821698,-0.12263064,0.915811,-0.75198054,-0.5680313,-0.01717772,-0.13852254,0.49245724,-0.57375264,-0.06262609,0.77744544,-0.06241651,0.27112526,-0.34198505,0.47510672,0.682476,-0.0341257,0.22027233,-0.6395434,-0.09406596,-0.5638742,0.0810548,-0.08338706,0.56990886,0.22961932,-0.011933502,0.68850297,-0.06755757,-0.33936656,0.108774334,-0.077614516,-0.7749684,-0.7014917,-1.0079194,-0.6564417,-0.22657333,-0.9630489,0.48106813,-0.5434438,-0.18048806,-0.0043031387,-0.18930602,0.29922366,0.8827532,0.10444361,0.06980239,-0.030156959,-0.53381264,0.410618,0.52804625,0.20388263,-0.643228,-1.4554217,-0.12825957,0.28262797,0.4540298,-0.72866803,-0.16026774,-1.080297,-0.7804855,-0.8440343,0.6272712,1.1262606,-0.7156802,-0.62270296,-0.03174289,-0.26141807,0.8268268,0.7007446,-0.4712938,0.18956001,-0.22372735,-0.15778624,0.24082714,-0.4400388,-0.77443224,-0.5145879,0.06469757,0.4312833,0.2923355,0.16217166,-0.6854336,-0.68260765,0.46713787,1.1375978,0.6787629,0.9591119,-0.4488736,-0.20417619,0.34018075,0.48357478,0.23546572,-0.36532828,1.058733,-0.33233,0.91518587,-0.30649707,-0.7663226,0.1809131,-0.07656339,0.3390367,0.7902222,-0.6361077,-0.6697295,-1.0408834,0.78660417,-0.21003887,0.77380115,-0.3042751,0.003573902,0.65718013,0.5226192,0.14308144,0.9579421,-0.22921672,-0.24041897,-0.038787663,-0.39291418,0.50893164,-0.1502545,0.78217506,0.07597907,0.2004889,0.1861662,0.64796424,-0.7665678,-0.96278775,-0.919779,-0.08390173,-0.33597,0.34022173,-1.45424,-0.6506021,-0.8006646,0.88721836,0.36552218,0.17768419,-0.12711754,-0.33877337,0.18416056,0.4507237,-0.19354007,-0.17211321,0.31968224,-0.15563762,0.147856,0.763752,0.82661057,-0.20419379,-0.1769321,-0.47110823,-0.12067403,-0.27447745,-0.17575373,0.029069081,-0.120582245,0.61661273,-0.27776194,-0.7761086,-2.7088904,0.8041147,-0.2640706,-0.04428414,COC1CC(C)CC=C1,3.07099,1.03972,0.82134,1.0467,88.84,-0.2384,0.0235,7.129386800000001,1481.6255,0.205893,-388.303283,-388.293718,-388.292774,-388.337675,36.15,-2171.6241613541,-2186.0637709531,-2199.104662991,-2017.2086291611,-0.9326312224595745,-4.097091427046912,2
59818,0.53445524,0.75923187,-0.41947013,0.5572283,-0.7756209,0.25714004,-0.10497832,0.12660304,-0.14768292,0.37737975,-0.1860381,0.5610422,0.47491446,0.18071929,-0.17283446,0.3766022,0.25774428,0.034463216,-0.14251052,-0.24087654,0.052257538,-0.04957653,0.25096503,-0.6929853,0.09208797,0.013976381,-1.033364,0.45051983,0.4365948,0.17117074,-0.7134029,-0.62785095,-0.018476374,0.33654067,1.3096352,-0.26488334,0.5160789,-0.061624926,-0.62003523,-0.8309494,0.44944257,0.32625616,-0.3057689,-0.29612392,-0.29082686,0.082807064,-0.19863121,0.53942573,0.2368132,-0.33684248,0.4587967,0.50828475,0.41716245,0.14726998,-0.2856223,-0.307747,-0.49930164,0.43631932,0.32930756,0.43597928,0.04999015,-0.032713905,-0.66053027,-0.14028151,-0.27763,-0.28104642,-0.07591762,0.90428823,-0.33275905,-0.024626195,-0.41791824,-0.07652022,-0.2862803,-0.40819547,-0.5335661,-0.98672384,0.23787194,-0.16325654,0.42741764,-0.14616407,-0.8460767,-0.5710662,-0.83970743,1.3179507,0.26523876,-0.35412902,0.62754047,-0.2650134,0.3248652,-0.6561275,-0.72198004,-0.16142915,-0.110883884,0.14454646,0.09634398,-0.51345193,0.6019307,-0.60646135,-0.51417553,0.056670178,0.02551373,0.31669316,-0.49554518,-0.17032228,0.4140938,0.7056389,-0.33548394,0.5797593,0.77780384,0.4859391,0.05507644,-0.0636371,0.43046677,-0.18227912,-0.24937153,0.5237086,0.55640376,-0.106228314,-0.18001361,-0.95804983,-0.05135672,-0.64316994,0.47437108,-0.5045472,-0.9511241,-0.112869166,-0.72458255,-0.47539788,-0.4042485,-0.13374455,0.09095121,0.14265865,-0.14341043,-0.19578482,0.40127388,-0.24572165,0.26761296,-0.44976476,0.70797956,0.7562985,0.15560362,0.05761226,0.33827558,0.068603106,-1.5929682,-0.5698106,0.23969072,0.15002091,0.23566636,-0.3222511,-0.29349396,0.01686294,0.06733371,0.010163816,-0.5330717,0.41779265,-0.39546835,-0.07805223,0.20461346,-0.5009529,-0.80876786,0.13579696,0.17969637,0.1528934,-0.61245865,-0.22156577,0.13366489,0.28280252,-0.11877598,-0.92365265,-0.6021068,-0.49187338,0.119775966,0.16920634,0.75794417,1.2167541,-0.9379507,-0.13732605,0.4279856,0.85511667,0.57468224,0.6174472,0.62729794,0.6122539,0.4193432,0.8845206,1.0246791,-0.3020563,-0.9480079,0.25978023,-0.7681066,0.10520411,0.5786085,-0.06094919,1.0531666,0.74113584,-0.022193134,0.4439862,-0.33418694,0.40221626,-0.45521086,0.28499013,-0.4557833,0.18855162,0.3539082,-0.68669224,1.1707962,0.7870772,-0.8194685,0.39443836,-0.16918764,-0.4903458,-0.12053974,0.23022585,-0.054857414,-0.5392694,-0.077654146,-0.32466984,-0.4961957,-0.43351966,0.078838594,0.09593341,-0.11704342,-0.082864605,0.46862498,1.2723185,0.17882283,0.023891397,0.6204053,0.36208126,0.5749953,-0.6422041,-0.086202554,-0.9899126,0.5372184,-0.41430053,-0.5276198,0.6956623,1.0861146,-0.20636544,0.46079624,-0.5115763,-0.32525808,-0.2862202,-0.63828194,0.56486195,0.38095218,0.28966543,-0.2225298,-0.48619348,-0.086451426,-0.89301234,0.38676435,0.16342011,-0.36696675,0.3015522,-0.081486434,-0.23358114,-0.7614977,-0.24184678,1.0409082,-0.6266438,0.09139226,0.3633007,-0.17719735,-0.47072488,0.061630554,-0.46797815,0.48825538,0.13636746,0.4043942,-0.2999274,0.52337974,0.80875754,-0.49552009,0.13775605,-0.04493392,-0.17441334,-0.81359404,5.014094,0.24983263,-0.29583547,-0.32164925,0.070646636,0.74591607,0.15357867,-0.5211823,-0.28455594,-0.9551412,0.55778223,-0.35981637,-0.399983,-0.13243657,-0.21007232,-0.020464165,0.5784835,-0.3449132,-0.09826646,-0.26373848,-0.21503519,-0.011618364,0.21724494,0.3872481,-0.11198087,0.510071,-0.5937841,-0.5048832,0.7757662,0.37632957,0.1970227,0.49847016,-0.016681885,0.20808397,-0.15589148,0.014296802,0.08296839,0.5890148,-0.41224965,-0.37516782,0.46826357,0.24041969,-0.80586654,0.83214164,-0.9188855,0.2770923,-0.7728679,-0.2016646,-0.17725086,-0.1963384,-0.3331266,0.41628233,0.0019709428,0.33249667,-0.20409189,-0.28128842,0.38602722,0.095129766,0.26441163,-0.3281168,7.740893,-0.55424964,-0.11802034,0.69987637,-0.31847298,0.30548796,-2.4178853,-0.24376747,0.071482114,-0.21042156,-0.40212664,0.0021517614,-0.85549426,-0.47546044,0.0023274978,-0.69569945,0.65201014,0.069034435,0.40080082,-0.7745865,-0.7930618,0.6126079,-0.9928216,-0.5763125,-0.42685845,-0.8545055,0.90230685,-0.052706253,0.15223172,-0.5896767,-0.05446337,0.009440609,0.00048754216,-0.26797852,-0.45084175,-0.013606662,-0.11528547,-0.49992257,1.2010063,-0.29551265,0.5856397,0.16855335,0.25045022,-0.68504274,-0.08737084,-0.0754645,0.20299716,-0.100463286,0.4097347,-0.93560785,-0.37736976,1.0036799,-0.30076846,-0.27063712,0.28420106,0.4028736,0.4898965,0.21158285,-0.808907,-0.9698482,-0.030498544,0.35829145,0.6853253,-0.121362604,-0.04555022,0.1387242,-0.16480893,-0.44860825,-0.078381635,-0.101639405,0.57546955,-0.4854868,-0.8472198,-0.33897656,0.45426294,-0.43902045,1.1260587,-0.4647794,-0.62338245,-0.4302527,0.22643647,-0.036180783,0.8385882,-0.4261119,0.14345017,0.15229245,0.41717008,-0.41916785,-0.15397783,0.35140184,-0.5974515,-0.5805314,0.4523541,-0.49186483,0.30837548,0.36651772,-0.3310748,0.0753739,0.36798927,-0.15588188,-0.18426342,0.036258977,-0.13238761,-0.16773178,-0.33831593,-0.12257437,0.75828063,-0.17063022,-0.24820828,-0.79936814,0.04399497,-0.68071526,-0.16145577,-0.19715454,-0.11773221,0.34004393,0.22923422,0.517408,0.28190264,0.40737456,-0.23211262,0.28659937,-0.19085684,0.05594534,0.5085154,-0.039992858,-1.1009059,0.46287167,0.5274607,0.33129752,-0.69210815,0.24172923,0.39256093,-0.5708752,-0.32880083,-0.6079472,0.039718922,0.41378313,-0.4066847,-0.38497704,0.1684215,0.6951032,-0.5403879,0.2273318,0.05877086,0.033013135,0.5767147,-0.3292635,-1.312025,-0.08092984,-1.0838455,0.15811962,0.605595,-0.21977185,0.35585397,-0.2419731,-0.024608986,0.07004616,-0.21162929,0.5325887,0.28679168,0.4426964,-0.2942446,-0.545551,0.3678742,-0.8054254,0.035741013,-0.119000174,-0.609582,0.123331614,-0.08449539,0.25638834,-0.36897627,0.19511494,-0.76970726,-1.0218482,-0.25101736,0.36979547,0.055822585,0.16948465,0.5353584,0.24436244,0.18750738,0.6645307,0.21327335,0.22013283,-0.6457414,0.5051626,-0.94283766,0.5233357,-0.61654717,-0.23948227,-0.24407536,-0.14008044,-0.15603907,0.108756974,0.17727248,-0.36801094,0.5428661,-0.33561194,-0.028376317,4.0239415,-0.13984895,0.37917396,0.19359113,-0.59222114,-0.40662843,0.23301886,-0.9927387,-0.20071894,1.0594367,-0.5642966,2.0841408,0.20869236,-0.09081255,0.026608706,0.2364135,0.53855133,0.42405847,-0.6466517,-0.02498079,0.29292774,0.1837223,-0.22984168,0.8327131,-0.07876619,-0.015629645,0.3758698,0.4034374,0.4611241,-0.9058014,-0.48847574,-0.37204978,-0.18348885,0.33174795,0.27313673,0.2709625,-0.17003371,-0.07664252,-0.58822024,0.53707916,-0.08725621,0.7782524,-0.111707725,0.41118848,-0.21919446,-0.111848675,0.48999888,-0.0035013915,-0.53703684,-0.3558198,0.019562177,0.07129436,-0.13557877,-0.41219607,0.14321572,-0.9183113,0.24406992,0.6372138,-0.3545708,0.36454353,0.08359428,1.0357265,0.53528047,-0.4672001,-0.5163709,-0.5241546,0.034031756,1.0340686,-0.34101966,0.096030116,0.6527773,-0.23495415,0.9240867,-0.6929544,-0.57491666,0.07828568,-0.8892054,0.05008467,-0.1691079,0.40760025,0.9215623,-0.15101722,0.26277414,-0.40701205,0.10546979,-0.19015911,0.3438432,-0.16189305,-0.2960067,0.68390256,-0.2066355,0.10812855,0.0012852569,-0.19028799,-0.4080392,0.47940436,-0.6186246,-0.6505516,0.036715697,0.7866491,-0.048803624,-1.0917423,0.41066843,-0.3674716,0.2209089,0.22376087,-0.572766,0.0530725,1.1434884,-0.6346254,-0.27791184,-0.122296,-0.52334744,0.51310694,0.48480308,0.12416587,0.2282655,-1.3139569,-0.011723336,0.46960518,0.003133905,0.07208975,-0.0750908,-0.33300078,-1.0331647,-0.17160861,0.29300123,0.46825492,-1.1674099,0.69201934,0.039678812,-0.6019813,-0.063980885,-0.07413613,-0.47819173,0.24681473,-0.4024853,-0.041100692,0.9509689,0.114714354,-0.055257685,-0.22372271,-0.6104421,0.42944852,-0.10108055,0.39094105,-0.6392609,-0.5874061,0.43514913,1.2799116,0.29615104,0.46253556,-1.0341885,-0.31602013,-0.7034226,-0.019722251,0.3896414,-0.14635454,-0.49579617,-0.26508296,1.0701145,-0.040027358,-0.46246868,-0.6096112,-0.120381005,-0.21556924,0.013240353,-0.007978026,0.043915313,-1.1303923,0.97434264,-0.63455325,0.8713842,-0.11436109,-0.78158927,0.9636238,0.7085102,0.10982482,0.31822923,0.30768058,0.16804877,0.3436471,0.5379219,0.17967549,-0.5205192,0.59942126,0.1384538,0.29579973,0.23003827,0.1200297,-0.39622846,0.12304543,-1.2062957,-0.56803286,0.3248313,-0.062172294,-0.6155778,0.30809674,-1.6758026,1.0804008,0.57374555,-0.044332277,-0.3380981,-0.73463875,0.1487268,0.4389814,-0.073754475,0.42281362,0.52459896,0.3210309,-0.20742086,-0.079987764,0.6338243,0.7572629,0.121189885,-0.05731507,-0.2784199,0.6096807,-0.40630674,-0.56391543,-0.7309807,0.5671914,-0.049873866,0.31360143,-3.2161443,0.38241604,-0.57820445,-0.58122164,CC(C)N=COCC#N,3.66526,0.67098,0.60003,3.1849,81.83,-0.2675,-0.0028,7.20285758,1863.6737,0.156353,-419.214751,-419.204337,-419.203393,-419.251916,35.948,-1819.203811792,-1829.5552002561,-1840.224108274,-1692.654071762,-3.923927571844002,-2.507796502074428,2
